SCMBranch=Jhon.Quispe Desarrollo
SCMRepository=Bolsa/BolsaPresentacion/Utilitarios/imagenes
SCMMainlineUUID={7dd40781-66af-4f7c-9416-11202de1e84c}
SCMBranchRepositoryID=23015
ayuda.gif;1781008464;1;1365200143;|2418|76313
bkgd-b-gray.gif;2540864587;1;1365200143;|2419|76316
bkgd-gris.gif;2690885017;1;1365200143;|2420|76319
bkgd-m-blu-style.gif;2941093590;1;1365200143;|2421|76322
bkgd-v-blu-2-small.gif;1866154729;1;1365200143;|2422|76325
bkgd-v-blu-small.gif;2640043079;1;1365200143;|2423|76328
bkgd-v-blu.gif;3204299589;1;1365200143;|2424|76331
bkgd-v-gris.gif;1641397096;1;1365200143;|2425|76334
blanco.gif;43318310;1;1365200143;|2426|76337
BlueExplorerVertical.gif;3165214797;1;1365200143;|2427|76340
blueGradient.gif;1848332827;1;1365200143;|2428|76343
boton-contacto.gif;2280455180;1;1365200143;|2429|76346
boton-cupos.gif;2062402785;1;1365200143;|2430|76349
boton-down.gif;2393705534;1;1365200143;|2431|76352
boton1-over.gif;3395663269;1;1365200143;|2432|76355
boton1.gif;2752211981;1;1365200143;|2433|76358
boton1.jpg;2650561339;1;1365200143;|2434|76361
boton10-over.gif;4282150934;1;1365200143;|2435|76364
boton10.gif;2987537145;1;1365200143;|2436|76367
boton10.jpg;1291732284;1;1365200144;|2437|76370
boton2-over.gif;3164647724;1;1365200144;|2438|76373
boton2.gif;2952238703;1;1365200144;|2439|76376
boton2.jpg;796587735;1;1365200144;|2440|76379
boton3-over.gif;3840506647;1;1365200144;|2441|76382
boton3.gif;864050417;1;1365200144;|2442|76385
boton3.jpg;1292821567;1;1365200144;|2443|76388
boton4-over.gif;1041531256;1;1365200144;|2444|76391
boton4.gif;1256787773;1;1365200144;|2445|76394
boton4.jpg;2669763691;1;1365200144;|2446|76397
boton5-over.gif;735598126;1;1365200144;|2447|76400
boton5.gif;3271901174;1;1365200144;|2448|76403
boton5.jpg;866229075;1;1365200144;|2449|76406
boton6-over.gif;1473352674;1;1365200144;|2450|76409
boton6.gif;3994564825;1;1365200144;|2451|76412
boton6.jpg;25761872;1;1365200144;|2452|76415
boton7-over.gif;3308641013;1;1365200144;|2453|76418
boton7.gif;1562799403;1;1365200144;|2454|76421
boton7.jpg;751821738;1;1365200145;|2455|76424
boton8-over.gif;3016817420;1;1365200145;|2456|76427
boton8.gif;2529969465;1;1365200145;|2457|76430
boton8.jpg;2165009785;1;1365200145;|2458|76433
boton9-over.gif;4069365819;1;1365200145;|2459|76436
boton9.gif;428354072;1;1365200145;|2460|76439
boton9.jpg;1895196909;1;1365200145;|2461|76442
bt_anterior_down.gif;1468852560;1;1365200145;|2462|76447
bt_anterior_up.gif;3712536449;1;1365200145;|2463|76452
bt_borrar_down.gif;3898832490;1;1365200145;|2464|76457
bt_borrar_up.gif;1796472958;1;1365200145;|2465|76463
bt_guardar_down.gif;2562766987;1;1365200145;|2466|76468
bt_guardar_up.gif;4047501286;1;1365200145;|2467|76474
bt_imprimir_down.gif;2680082125;1;1365200145;|2468|76479
bt_imprimir_up.gif;2740020706;1;1365200145;|2469|76485
bt_insertar_detalle_down.gif;2155057425;1;1365200145;|2470|76490
bt_insertar_detalle_up.gif;388435733;1;1365200145;|2471|76495
bt_insertar_down.gif;738473758;1;1365200145;|2472|76500
bt_insertar_up.gif;795174059;1;1365200145;|2473|76506
bt_menu_up.gif;1904732163;1;1365200145;|2474|76512
bt_paganterior_down.gif;3620197417;1;1365200145;|2475|76515
bt_paganterior_up.gif;835260398;1;1365200145;|2476|76518
bt_salir_down.gif;1713364687;1;1365200145;|2477|76523
bt_salir_up.gif;1302884061;1;1365200145;|2478|76528
bt_siguiente_down.gif;1893969694;1;1365200145;|2479|76533
bt_siguiente_up.gif;2339669751;1;1365200145;|2480|76538
bt_undo_down.gif;2607844526;1;1365200145;|2481|76543
bt_undo_up.gif;2307057991;1;1365200145;|2482|76548
bullet.gif;3166960744;1;1365200145;|2483|76551
busqueda.gif;2565595192;1;1365200145;|2484|76554
candado.png;3505881621;1;1365200145;|2485|76555
candado1.gif;3783669265;1;1365200146;|2486|76557
cargando.gif;3910530016;1;1365200146;|2487|76558
checked.gif;1994184742;1;1365200146;|2488|76559
csv-img.png;2817774376;1;1365200146;|3232|103173
delete.png;3197523383;1;1365200146;|2489|76560
downarrows_trans.gif;3281359805;1;1365200146;|2490|76563
downarrows_white.gif;1069586356;1;1365200146;|2491|76566
error.gif;3500219735;1;1365200146;|2492|76567
excel-img.png;1576965649;1;1365200146;|3233|103174
excel.gif;1051427378;1;1365200146;|2493|76570
excel_hover.gif;2376290876;1;1365200146;|2494|76573
foco.JPG;2652106492;1;1365200146;|2495|76576
FondoPestana.jpg;3767674249;1;1365200146;|2496|76579
FondoPestanaNormal.jpg;1571870067;1;1365200146;|2497|76582
FondoPestanaOver.jpg;2362888469;1;1365200146;|2498|76585
HeaderFondo.jpg;3305019108;1;1365200146;|2499|76588
icon-addrbook.gif;1779576849;1;1365200146;|2500|76589
icon-attach.gif;3527872464;1;1365200146;|2501|76590
icon-calendar.gif;1572435951;1;1365200146;|2502|76591
icon-contact-dl.gif;2805309206;1;1365200146;|2503|76592
icon-contacts.gif;3921380997;1;1365200146;|2504|76593
icon-deleted.gif;411220613;1;1365200146;|2505|76594
icon-drafts.gif;2411658486;1;1365200146;|2506|76595
icon-email.gif;4251408906;1;1365200146;|2507|76596
icon-finance.gif;2090431180;1;1365200146;|2508|76597
icon-folder.gif;2039375078;1;1365200146;|2509|76598
icon-globo.gif;418281538;1;1365200146;|2510|76599
icon-hide-blue.gif;843836361;1;1365200146;|2511|76600
icon-inbox.gif;1357339675;1;1365200146;|2512|76601
icon-journal.gif;3886302820;1;1365200146;|2513|76602
icon-junkemail.gif;3565046336;1;1365200146;|2514|76603
icon-msg-forward.gif;3118774578;1;1365200146;|2515|76604
icon-msg-reply.gif;2926735589;1;1365200146;|2516|76605
icon-msg-unread.gif;2349594889;1;1365200146;|2517|76606
icon-mtgreq.gif;2615736874;1;1365200146;|2518|76607
icon-newemail.gif;2419166645;1;1365200146;|2519|76608
icon-notes.gif;2219261328;1;1365200146;|2520|76609
icon-options.gif;1066069828;1;1365200146;|2521|76610
icon-outbox.gif;1450557367;1;1365200146;|2522|76611
icon-paper-folder.gif;3481847209;1;1365200146;|2523|76612
icon-post.gif;3850476892;1;1365200146;|2524|76613
icon-prev-bott.gif;3071688186;1;1365200146;|2525|76614
icon-prio-high.gif;541806820;1;1365200146;|2526|76615
icon-prio-low.gif;2919072718;1;1365200146;|2527|76616
icon-recur.gif;2821576995;1;1365200146;|2528|76617
icon-reminder.gif;4230471277;1;1365200146;|2529|76618
icon-replyall.gif;3311837141;1;1365200146;|2530|76619
icon-root.gif;759861385;1;1365200146;|2531|76620
icon-rules.gif;2572560915;1;1365200146;|2532|76621
icon-sr.gif;3209687019;1;1365200146;|2533|76622
icon-task.gif;3781378614;1;1365200146;|2534|76623
icon-ventas.gif;2735833096;1;1365200146;|2535|76624
ig_cal_blueDN.gif;4062963986;1;1365200146;|2537|76628
ig_cal_blueDP.gif;1131151911;1;1365200146;|2538|76629
ig_menuSilverDown.gif;2545419728;1;1365200146;|2539|76632
ig_menuSilverDown_disabled.gif;537205460;1;1365200146;|2540|76635
ig_menuSilverUp.gif;3340867043;1;1365200146;|2541|76638
ig_menuSilverUp_disabled.gif;1521967842;1;1365200146;|2542|76641
igpnl_office2k3_drk.png;2895511753;1;1365200146;|2536|76627
imprimir.GIF;3148323277;1;1365200146;|2543|76642
limpiar.gif;3091482664;1;1365200146;|3181|102039
ListBarFondo.jpg;3305019108;1;1365200146;|2544|76643
ListBarFondoOver.jpg;1799871394;1;1365200148;|2545|76644
logoSAB.bmp;4194160433;1;1365200149;|2546|76646
menuBullet.gif;1202756172;1;1365200149;|2547|76649
mnok.GIF;2054686430;1;1365200149;|2548|76652
mok.GIF;2997799075;1;1365200149;|2549|76655
moneymanager.gif;562444373;1;1365200149;|2550|76658
nb-sel-bkgd.gif;2797739464;1;1365200149;|2551|76661
nb-sel2-bkgd.gif;2762540549;1;1365200149;|2552|76664
notepad-img.png;3044222618;1;1365200149;|3234|103175
ocultar.gif;2431156719;1;1365200149;|2553|76667
ok.png;73767215;1;1365200149;|2554|76668
plantilla_tbEN.gif;1841218234;1;1365200149;|2555|76671
portada.jpg;4227311592;1;1365200149;|2556|76676
portada1.JPG;243474831;1;1365200149;|2557|76677
procesando.gif;2472594681;1;1365200149;|2558|76678
recuperar.gif;162754530;1;1365200149;|2559|76681
superbarra.jpg;3039010034;1;1365200149;|2560|76684
unchecked.gif;2112594821;1;1365200149;|2561|76685
uparrows_white.gif;907581976;1;1365200149;|2562|76688
warning.gif;4273422962;1;1365200149;|2563|76691
