SCMBranch=Jhon.Quispe Desarrollo
SCMRepository=Bolsa/BolsaPresentacion/Utilitarios
SCMMainlineUUID={7dd40781-66af-4f7c-9416-11202de1e84c}
SCMBranchRepositoryID=23011
auxiliar.aspx;4059201417;1;1365200135;|2359|74345
auxiliar.aspx.cs;2956852150;1;1365200135;|2358|74342
auxiliar.aspx.resx;3502649570;1;1365200135;|2360|74348
Cargando.aspx;204424875;1;1365200135;|2362|74352
Cargando.aspx.cs;1505332440;1;1365200135;|2361|74351
Cargando.aspx.resx;3502649570;1;1365200135;|2363|74353
ExcelHelper.cs;2202106678;2;1365200135;|3207|101928
ExportarArchivos.cs;319084162;3;1365200135;|3236|106679
FormatoControl.cs;2626861059;1;1365200135;|2364|74445
FuncionesBolsa.cs;2410252792;1;1365200135;|2365|99789
FuncionesGenerales.cs;3267147696;1;1365200136;|2366|74545
GuardarControlesPagina.cs;1476673470;1;1365200136;|2367|74550
jquery-ui-1.8.16.custom.css;145260082;1;1365200136;|3187|100903
PaginaBase.aspx;1372999640;1;1365200136;|2369|75025
PaginaBase.aspx.cs;2996687646;4;1365200136;|2368|103358
PaginaBase.aspx.resx;3502649570;1;1365200137;|2370|75031
PaginaBaseSinFormato.aspx;3444610395;1;1365200137;|2372|91717
PaginaBaseSinFormato.aspx.cs;2129218185;2;1365200138;|2371|103125
PaginaBaseSinFormato.aspx.resx;3470970223;1;1365200138;|2373|75040
PaginaBusqueda.aspx.cs;442862938;9;1365200138;|2374|103579
PaginaBusqueda.aspx.resx;2045442912;1;1365200138;|2376|75326
Paginador.cs;579351833;1;1365200138;|2377|75331
PerfilBolsa.aspx;2596657433;2;1365200138;|2379|104943
PerfilBolsa.aspx.resx;2045442912;2;1365200138;|2380|104945
reportes.css;1763837877;1;1365200138;|2381|75339
SerivaCombo.xml;2159016776;1;1365200139;|2383|75550
SerivaDateChooser.xml;2234008136;1;1365200139;|2384|75556
SerivaGrid.xml;598224387;1;1365200139;|2385|75564
SerivaListBar.xml;2169357859;1;1365200139;|2386|75567
SerivaNumericEdit.xml;3784552223;1;1365200139;|2387|75568
SerivaPanel.xml;1956711671;1;1365200139;|2388|75573
SerivaPercentEdit.xml;999613;1;1365200139;|2389|75574
SerivaTab.xml;3130316322;1;1365200139;|2390|75577
SwitchUsuario.aspx;39766869;1;1365200139;|2392|75623
SwitchUsuario.aspx.cs;3712791289;1;1365200139;|2391|75606
SwitchUsuario.aspx.resx;1119755580;1;1365200139;|2393|75634
UtilitarioFormatos.cs;473631259;1;1365200139;|2394|75646
UtilitariosInfragistics.cs;3022938972;1;1365200139;|2395|75651
wpnDetalleValor_Preset.xml;3585138240;1;1365200139;|2396|75654
NotificacionBolsa.aspx;59047626;1;1365436422;|3080|100783
NotificacionBolsa.aspx.cs;2273410518;1;1365436422;|3081|100784
NotificacionBolsa.aspx.resx;2045442912;1;1365436422;|3082|100785
PaginaBusqueda.aspx;3085951502;10;1365436572;|2375|123119
PerfilBolsa.aspx.cs;4283580638;3;1365436573;|2378|113931
seriva-stiles.css;3215058962;2;1365436586;|2382|113932
