SCMBranch=Jhon.Quispe Desarrollo
SCMRepository=Bolsa/BolsaPresentacion/Utilitarios/controles
SCMMainlineUUID={7dd40781-66af-4f7c-9416-11202de1e84c}
SCMBranchRepositoryID=23013
BarraMenu.ascx;162575547;1;1365200141;|2398|75697
BarraMenu.ascx.cs;1257805010;1;1365200141;|2397|75685
BarraMenu.ascx.resx;2045442912;1;1365200141;|2399|75700
BarraMenuC.ascx;2459129916;1;1365200141;|2401|75770
BarraMenuC.ascx.cs;92255583;1;1365200141;|2400|75742
BarraMenuC.ascx.resx;2045442912;1;1365200141;|2402|75775
Calendario.ascx;1545067653;1;1365200141;|2404|75805
Calendario.ascx.cs;242825239;1;1365200141;|2403|75789
Calendario.ascx.resx;2045442912;1;1365200141;|2405|75808
CalendarioFuncional.ascx;2743834725;1;1365200141;|2407|75814
CalendarioFuncional.ascx.cs;2144982022;1;1365200141;|2406|75811
CalendarioFuncional.ascx.resx;2045442912;1;1365200141;|2408|75817
FormaPago.ascx;634294817;2;1365200142;|2410|104940
FormaPago.ascx.resx;1211387951;1;1365200142;|2411|76290
FormaPago.cs;834901660;1;1365200142;|2412|76291
IBarraMenu.cs;821835011;1;1365200142;|2416|76306
ReportViewer.cs;3443867358;1;1365200142;|2417|76309
FormaPago.ascx.cs;511041184;6;1365436509;|2409|113933
