SCMBranch=Jhon.Quispe Desarrollo
SCMRepository=Bolsa/BolsaPresentacion/Utilitarios/JScript
SCMMainlineUUID={7dd40781-66af-4f7c-9416-11202de1e84c}
SCMBranchRepositoryID=23016
ig_dropCalendar.js;3822016443;1;1365200149;|2564|76698
plantilla_const.js;3874220525;1;1365200150;|2566|77166
plantilla_load.js;1155968439;1;1365200150;|2567|77172
plantilla_toolbar.js;2954144596;1;1365200150;|2568|77180
toolbar.js;3686089077;1;1365200150;|2569|77186
WebUIValidation.js;3762066877;1;1365200150;|2570|77202
tooltip.js;1965913780;1;1365436460;|3126|100782
jsUtil.js;3554267859;2;1365436520;|2565|113934
